[1391.791016 0.000000 2326.924805] 80.000000 0.500000 @HubbardFacilityMX/billboard/10.png
[1439.972168 0.000000 2327.244141] 100.000000 0.500000 @HubbardFacilityMX/billboard/10.png
[1390.333618 0.000000 2364.021240] 80.000000 0.500000 @HubbardFacilityMX/billboard/11.png
[1439.762817 0.000000 2365.602539] 100.000000 0.500000 @HubbardFacilityMX/billboard/11.png
[1394.411865 0.000000 2268.996338] 40.000000 1.000000 @HubbardFacilityMX/billboard/2.png
[1443.483521 0.000000 2269.268799] 60.000000 1.000000 @HubbardFacilityMX/billboard/2.png
[1500.083618 0.000000 2273.637939] 80.000000 1.000000 @HubbardFacilityMX/billboard/2.png
[1391.429077 0.000000 2220.499512] 40.000000 1.000000 @HubbardFacilityMX/billboard/3.png
[1435.762451 0.000000 2220.955322] 60.000000 1.000000 @HubbardFacilityMX/billboard/3.png
[1489.030029 0.000000 2212.988525] 80.000000 1.000000 @HubbardFacilityMX/billboard/3.png
[1558.655762 0.000000 2210.817139] 100.000000 1.000000 @HubbardFacilityMX/billboard/3.png
[1386.515259 0.000000 2177.774170] 60.000000 1.000000 @HubbardFacilityMX/billboard/4.png
[1448.990601 0.000000 2160.156250] 80.000000 1.000000 @HubbardFacilityMX/billboard/4.png
[1783.216553 0.000000 2266.677490] 40.000000 1.000000 @HubbardFacilityMX/billboard/3.png
[2184.342041 0.000000 2340.579102] 40.000000 1.000000 @HubbardFacilityMX/billboard/3.png
[2114.283691 0.000000 2336.307617] 40.000000 1.000000 @HubbardFacilityMX/billboard/3.png
[1827.644287 0.000000 1857.007568] 40.000000 1.000000 @HubbardFacilityMX/billboard/3.png
[1727.254761 0.000000 2311.958984] 80.000000 0.500000 @HubbardFacilityMX/billboard/10.png
[1684.963501 0.000000 2245.318115] 80.000000 0.500000 @HubbardFacilityMX/billboard/10.png
[1732.808105 0.000000 2079.571045] 80.000000 0.500000 @HubbardFacilityMX/billboard/10.png
[1787.914795 0.000000 2047.105103] 80.000000 0.500000 @HubbardFacilityMX/billboard/10.png
[1779.798706 0.000000 1938.600708] 80.000000 0.500000 @HubbardFacilityMX/billboard/10.png
[1992.963379 0.000000 2373.473877] 100.000000 0.500000 @HubbardFacilityMX/billboard/10.png
[2160.419189 0.000000 2176.969238] 100.000000 0.500000 @HubbardFacilityMX/billboard/10.png
[1767.837280 0.000000 1901.863525] 100.000000 0.500000 @HubbardFacilityMX/billboard/10.png
[1595.254272 0.000000 2043.260254] 100.000000 0.500000 @HubbardFacilityMX/billboard/10.png
[1660.186279 0.000000 2266.251953] 100.000000 0.500000 @HubbardFacilityMX/billboard/11.png
[1704.186279 0.000000 2208.154785] 100.000000 0.500000 @HubbardFacilityMX/billboard/11.png
[1853.700684 0.000000 2263.261230] 100.000000 0.500000 @HubbardFacilityMX/billboard/11.png
[2051.486572 0.000000 2288.464600] 100.000000 0.500000 @HubbardFacilityMX/billboard/11.png
[2151.446045 0.000000 2276.076660] 100.000000 0.500000 @HubbardFacilityMX/billboard/11.png
[1875.911499 0.000000 2391.842529] 100.000000 0.500000 @HubbardFacilityMX/billboard/11.png
[2189.464600 0.000000 2433.278809] 100.000000 0.500000 @HubbardFacilityMX/billboard/11.png
[2060.881836 0.000000 2254.717285] 80.000000 1.000000 @HubbardFacilityMX/billboard/2.png
[1656.338745 0.000000 2109.901855] 80.000000 1.000000 @HubbardFacilityMX/billboard/2.png
[1724.260864 0.000000 1939.028076] 80.000000 1.000000 @HubbardFacilityMX/billboard/2.png
[1918.273804 0.000000 2285.226074] 100.000000 0.500000 @HubbardFacilityMX/billboard/11.png
[1853.341797 0.000000 2171.595215] 100.000000 0.500000 @HubbardFacilityMX/billboard/11.png
[1665.381104 0.000000 1979.789673] 100.000000 0.500000 @HubbardFacilityMX/billboard/11.png
[1880.682007 0.000000 1972.100586] 100.000000 0.500000 @HubbardFacilityMX/billboard/11.png
[2085.303223 0.000000 2017.382080] 100.000000 0.500000 @HubbardFacilityMX/billboard/11.png
[2216.448730 0.000000 2272.410889] 100.000000 0.500000 @HubbardFacilityMX/billboard/11.png
[2253.613770 0.000000 2304.022461] 100.000000 0.500000 @HubbardFacilityMX/billboard/11.png
[1948.176880 0.000000 2416.372070] 100.000000 0.500000 @HubbardFacilityMX/billboard/11.png
[1915.710938 0.000000 2368.527832] 100.000000 0.500000 @HubbardFacilityMX/billboard/11.png
[1708.953857 0.000000 2384.334229] 100.000000 0.500000 @HubbardFacilityMX/billboard/11.png
[1613.691772 0.000000 2350.159424] 100.000000 0.500000 @HubbardFacilityMX/billboard/11.png
[1582.507568 0.000000 2290.353760] 100.000000 0.500000 @HubbardFacilityMX/billboard/11.png
[1602.157349 0.000000 2143.402588] 100.000000 0.500000 @HubbardFacilityMX/billboard/11.png
[1516.293335 0.000000 2090.858887] 100.000000 0.500000 @HubbardFacilityMX/billboard/11.png
[1640.176392 0.000000 1918.276855] 100.000000 0.500000 @HubbardFacilityMX/billboard/11.png
[1781.574097 0.000000 1828.141357] 100.000000 0.500000 @HubbardFacilityMX/billboard/11.png
[1936.641846 0.000000 1828.141602] 100.000000 0.500000 @HubbardFacilityMX/billboard/11.png
[1910.583740 0.000000 2403.984863] 100.000000 0.500000 @HubbardFacilityMX/billboard/10.png
[1820.447876 0.000000 2384.334473] 100.000000 0.500000 @HubbardFacilityMX/billboard/10.png
[1786.701416 0.000000 2322.820557] 100.000000 0.500000 @HubbardFacilityMX/billboard/10.png
[1821.730347 0.000000 2205.345459] 100.000000 0.500000 @HubbardFacilityMX/billboard/10.png
[1785.846680 0.000000 2087.442627] 100.000000 0.500000 @HubbardFacilityMX/billboard/10.png
[1951.593994 0.000000 2081.889404] 100.000000 0.500000 @HubbardFacilityMX/billboard/10.png
[1976.370728 0.000000 2092.141846] 100.000000 0.500000 @HubbardFacilityMX/billboard/10.png
[1995.593994 0.000000 2137.423340] 100.000000 0.500000 @HubbardFacilityMX/billboard/10.png
[1942.195923 0.000000 2134.005859] 100.000000 0.500000 @HubbardFacilityMX/billboard/10.png
[2202.350830 0.000000 2161.345459] 100.000000 0.500000 @HubbardFacilityMX/billboard/10.png
[2127.166504 0.000000 2084.025146] 100.000000 0.500000 @HubbardFacilityMX/billboard/10.png
[1851.633057 0.000000 1916.569092] 100.000000 0.500000 @HubbardFacilityMX/billboard/10.png
[1865.302734 0.000000 2054.123535] 80.000000 1.000000 @HubbardFacilityMX/billboard/2.png
[1834.545532 0.000000 2095.560547] 100.000000 0.500000 @HubbardFacilityMX/billboard/10.png
[1657.690063 0.000000 2371.093018] 100.000000 0.500000 @HubbardFacilityMX/billboard/10.png
[2098.115967 0.000000 2382.199707] 80.000000 1.000000 @HubbardFacilityMX/billboard/2.png
[2022.076904 0.000000 1964.842896] 100.000000 0.500000 @HubbardFacilityMX/billboard/11.png
[1946.891235 0.000000 1860.184326] 100.000000 0.500000 @HubbardFacilityMX/billboard/10.png
[1899.045410 0.000000 2331.795654] 100.000000 1.000000 @HubbardFacilityMX/billboard/3.png
[2056.676270 0.000000 2194.242432] 100.000000 1.000000 @HubbardFacilityMX/billboard/3.png
[2095.550049 0.000000 2063.524170] 100.000000 1.000000 @HubbardFacilityMX/billboard/3.png
[1937.064819 0.000000 2018.669922] 100.000000 1.000000 @HubbardFacilityMX/billboard/3.png
[1755.084351 0.000000 2015.679932] 100.000000 1.000000 @HubbardFacilityMX/billboard/3.png
[1571.395752 0.000000 2089.155518] 80.000000 1.000000 @HubbardFacilityMX/billboard/3.png
[1808.482544 0.000000 1908.884155] 80.000000 1.000000 @HubbardFacilityMX/billboard/3.png
[1666.657227 0.000000 1875.991211] 80.000000 1.000000 @HubbardFacilityMX/billboard/3.png
[1510.735107 0.000000 2052.845215] 80.000000 1.000000 @HubbardFacilityMX/billboard/3.png
[1556.443481 0.000000 2094.281982] 40.000000 1.000000 @HubbardFacilityMX/billboard/2.png
[1588.909424 0.000000 2090.864502] 40.000000 1.000000 @HubbardFacilityMX/billboard/2.png
[1676.055542 0.000000 2071.642090] 80.000000 1.000000 @HubbardFacilityMX/billboard/2.png
[1940.482178 0.000000 2210.478027] 60.000000 1.000000 @HubbardFacilityMX/billboard/4.png
[1904.598999 0.000000 2233.545654] 80.000000 1.000000 @HubbardFacilityMX/billboard/4.png
[1985.763306 0.000000 2333.506348] 40.000000 1.000000 @HubbardFacilityMX/billboard/2.png
[1912.287842 0.000000 2220.729736] 40.000000 1.000000 @HubbardFacilityMX/billboard/2.png
[1875.122803 0.000000 2242.943359] 40.000000 1.000000 @HubbardFacilityMX/billboard/2.png
[1705.531372 0.000000 2137.003174] 60.000000 1.000000 @HubbardFacilityMX/billboard/4.png
[1646.577881 0.000000 2234.829102] 100.000000 0.500000 @HubbardFacilityMX/billboard/11.png
[1792.673828 0.000000 2189.548828] 100.000000 0.500000 @HubbardFacilityMX/billboard/11.png
[1922.964600 0.000000 2109.239014] 100.000000 0.500000 @HubbardFacilityMX/billboard/11.png
[2023.780029 0.000000 2105.821533] 100.000000 0.500000 @HubbardFacilityMX/billboard/11.png
[1696.557129 0.000000 1972.540039] 100.000000 0.500000 @HubbardFacilityMX/billboard/11.png
[1628.207642 0.000000 1982.365356] 100.000000 0.500000 @HubbardFacilityMX/billboard/11.png
[1586.770142 0.000000 2009.277588] 80.000000 0.500000 @HubbardFacilityMX/billboard/10.png
[1581.643799 0.000000 1935.375000] 80.000000 0.500000 @HubbardFacilityMX/billboard/10.png
[1750.381592 0.000000 2335.645752] 80.000000 0.500000 @HubbardFacilityMX/billboard/10.png
[1695.701904 0.000000 2328.383789] 80.000000 0.500000 @HubbardFacilityMX/billboard/10.png
[1583.779053 0.000000 2324.110840] 40.000000 1.000000 @HubbardFacilityMX/billboard/3.png
[1539.375122 0.000000 2403.154541] 80.000000 1.000000 @HubbardFacilityMX/billboard/2.png
[1856.772827 0.000000 2442.882324] 80.000000 1.000000 @HubbardFacilityMX/billboard/2.png
[1975.957153 0.000000 2445.872559] 80.000000 1.000000 @HubbardFacilityMX/billboard/2.png
[2134.015381 0.000000 2444.591309] 80.000000 1.000000 @HubbardFacilityMX/billboard/2.png
[2268.578369 0.000000 2444.591309] 80.000000 1.000000 @HubbardFacilityMX/billboard/2.png
[2300.189941 0.000000 2346.766113] 80.000000 1.000000 @HubbardFacilityMX/billboard/2.png
[2227.995850 0.000000 2371.970703] 80.000000 1.000000 @HubbardFacilityMX/billboard/2.png
[2220.306885 0.000000 2207.504150] 80.000000 1.000000 @HubbardFacilityMX/billboard/2.png
[2147.685547 0.000000 2219.465332] 80.000000 1.000000 @HubbardFacilityMX/billboard/2.png
[2124.190430 0.000000 2145.989746] 80.000000 1.000000 @HubbardFacilityMX/billboard/2.png
[1972.113770 0.000000 1904.203613] 80.000000 1.000000 @HubbardFacilityMX/billboard/2.png
[2066.094238 0.000000 1989.213257] 80.000000 1.000000 @HubbardFacilityMX/billboard/2.png
[1664.113770 0.000000 2013.989868] 80.000000 1.000000 @HubbardFacilityMX/billboard/2.png
[1447.958496 0.000000 2092.591309] 80.000000 1.000000 @HubbardFacilityMX/billboard/4.png
[1401.822388 0.000000 2021.251831] 80.000000 1.000000 @HubbardFacilityMX/billboard/4.png
[1462.909790 0.000000 1954.183960] 80.000000 1.000000 @HubbardFacilityMX/billboard/4.png
[1892.084717 0.000000 2036.203613] 40.000000 1.000000 @HubbardFacilityMX/billboard/3.png
[1794.668579 0.000000 1984.550293] 40.000000 1.000000 @HubbardFacilityMX/billboard/3.png
[1856.742920 0.000000 2004.335571] 40.000000 1.000000 @HubbardFacilityMX/billboard/3.png
[1818.229614 0.000000 1997.539185] 40.000000 1.000000 @HubbardFacilityMX/billboard/3.png
[1777.299927 0.000000 2025.027100] 40.000000 1.000000 @HubbardFacilityMX/billboard/3.png
[1728.818481 0.000000 2025.933228] 40.000000 1.000000 @HubbardFacilityMX/billboard/3.png
[1817.927612 0.000000 2058.556152] 40.000000 1.000000 @HubbardFacilityMX/billboard/3.png
[1748.452759 0.000000 1998.746826] 40.000000 1.000000 @HubbardFacilityMX/billboard/2.png
[1832.880005 0.000000 2023.516235] 40.000000 1.000000 @HubbardFacilityMX/billboard/2.png
[1857.196167 0.000000 2047.832397] 40.000000 1.000000 @HubbardFacilityMX/billboard/2.png
[1492.730469 0.000000 2366.463623] 100.000000 0.500000 @HubbardFacilityMX/billboard/11.png
[1436.769287 0.000000 2425.842285] 100.000000 0.500000 @HubbardFacilityMX/billboard/11.png
[1399.604248 0.000000 2440.793701] 100.000000 0.500000 @HubbardFacilityMX/billboard/11.png
[1600.380737 0.000000 2445.920166] 100.000000 0.500000 @HubbardFacilityMX/billboard/11.png
[1712.303101 0.000000 2446.774414] 100.000000 0.500000 @HubbardFacilityMX/billboard/11.png
[1651.215698 0.000000 2443.783936] 100.000000 0.500000 @HubbardFacilityMX/billboard/11.png
[1796.031006 0.000000 2444.210938] 100.000000 0.500000 @HubbardFacilityMX/billboard/11.png
[2315.486816 0.000000 2416.444580] 100.000000 0.500000 @HubbardFacilityMX/billboard/11.png
[2361.195557 0.000000 2372.871826] 100.000000 0.500000 @HubbardFacilityMX/billboard/11.png
[2422.282959 0.000000 2433.531982] 100.000000 0.500000 @HubbardFacilityMX/billboard/11.png
[2393.234375 0.000000 2449.337891] 100.000000 0.500000 @HubbardFacilityMX/billboard/11.png
[2308.224854 0.000000 2297.687500] 100.000000 0.500000 @HubbardFacilityMX/billboard/11.png
[2296.690674 0.000000 2272.483643] 100.000000 0.500000 @HubbardFacilityMX/billboard/11.png
[2245.001465 0.000000 2160.561523] 100.000000 0.500000 @HubbardFacilityMX/billboard/11.png
[2043.797852 0.000000 2028.989380] 100.000000 0.500000 @HubbardFacilityMX/billboard/11.png
[2028.419678 0.000000 1926.892944] 100.000000 0.500000 @HubbardFacilityMX/billboard/11.png
[1894.711304 0.000000 1725.689453] 100.000000 0.500000 @HubbardFacilityMX/billboard/11.png
[1539.721313 0.000000 1796.601929] 100.000000 0.500000 @HubbardFacilityMX/billboard/11.png
[1486.750488 0.000000 1802.582520] 100.000000 0.500000 @HubbardFacilityMX/billboard/11.png
[1385.080688 0.000000 1901.689209] 100.000000 0.500000 @HubbardFacilityMX/billboard/11.png
[1518.362183 0.000000 1912.796021] 100.000000 0.500000 @HubbardFacilityMX/billboard/11.png
[1382.090332 0.000000 1963.630981] 100.000000 0.500000 @HubbardFacilityMX/billboard/11.png
[1409.430054 0.000000 1934.582397] 100.000000 0.500000 @HubbardFacilityMX/billboard/11.png
[1459.837646 0.000000 2026.427124] 100.000000 0.500000 @HubbardFacilityMX/billboard/11.png
[1380.381470 0.000000 2074.698730] 100.000000 0.500000 @HubbardFacilityMX/billboard/11.png
[1389.352295 0.000000 2143.902344] 100.000000 0.500000 @HubbardFacilityMX/billboard/11.png
[1501.274658 0.000000 2135.785889] 100.000000 0.500000 @HubbardFacilityMX/billboard/11.png
[1512.381226 0.000000 2174.232422] 100.000000 0.500000 @HubbardFacilityMX/billboard/11.png
[1410.284302 0.000000 2292.135498] 80.000000 0.500000 @HubbardFacilityMX/billboard/11.png
[1404.730591 0.000000 2400.640381] 80.000000 0.500000 @HubbardFacilityMX/billboard/11.png
[1558.089722 0.000000 2351.514160] 80.000000 0.500000 @HubbardFacilityMX/billboard/11.png
[1482.905273 0.000000 2325.028809] 80.000000 0.500000 @HubbardFacilityMX/billboard/11.png
[1556.808228 0.000000 2282.310303] 80.000000 0.500000 @HubbardFacilityMX/billboard/11.png
[1412.419556 0.000000 1969.184204] 80.000000 0.500000 @HubbardFacilityMX/billboard/11.png
[1520.069824 0.000000 1965.766846] 80.000000 0.500000 @HubbardFacilityMX/billboard/11.png
[1565.351318 0.000000 1898.271729] 80.000000 0.500000 @HubbardFacilityMX/billboard/11.png
[1550.399780 0.000000 1861.534058] 80.000000 0.500000 @HubbardFacilityMX/billboard/11.png
[1645.234009 0.000000 1843.165649] 100.000000 0.500000 @HubbardFacilityMX/billboard/11.png
[1557.661255 0.000000 1827.359863] 100.000000 0.500000 @HubbardFacilityMX/billboard/11.png
[1876.340820 0.000000 1942.272583] 60.000000 1.000000 @HubbardFacilityMX/billboard/8.png
[1563.214722 0.000000 2154.583008] 60.000000 1.000000 @HubbardFacilityMX/billboard/8.png
[1736.651489 0.000000 2185.767334] 60.000000 1.000000 @HubbardFacilityMX/billboard/8.png
[1875.486084 0.000000 2143.903076] 60.000000 1.000000 @HubbardFacilityMX/billboard/8.png
[1957.505493 0.000000 2160.990479] 60.000000 1.000000 @HubbardFacilityMX/billboard/8.png
[1704.185059 0.000000 2285.301514] 60.000000 1.000000 @HubbardFacilityMX/billboard/8.png
[1839.602539 0.000000 2321.184570] 60.000000 1.000000 @HubbardFacilityMX/billboard/8.png
[2249.272217 0.000000 2337.844971] 60.000000 1.000000 @HubbardFacilityMX/billboard/8.png
[2360.767334 0.000000 2346.815918] 60.000000 1.000000 @HubbardFacilityMX/billboard/8.png
[2025.428345 0.000000 2394.660156] 60.000000 1.000000 @HubbardFacilityMX/billboard/8.png
[2054.049561 0.000000 2324.602539] 60.000000 1.000000 @HubbardFacilityMX/billboard/8.png
[2000.651978 0.000000 2172.952393] 60.000000 1.000000 @HubbardFacilityMX/billboard/8.png
[1984.846802 0.000000 2063.166260] 60.000000 1.000000 @HubbardFacilityMX/billboard/8.png
[1469.662964 0.000000 1853.419556] 80.000000 1.000000 @HubbardFacilityMX/billboard/8.png
[1365.857178 0.000000 1873.924438] 80.000000 1.000000 @HubbardFacilityMX/billboard/8.png
[1425.662964 0.000000 1808.992432] 80.000000 1.000000 @HubbardFacilityMX/billboard/8.png
[1552.964111 0.000000 2447.632324] 80.000000 1.000000 @HubbardFacilityMX/billboard/8.png
[1919.487915 0.000000 2455.749023] 80.000000 1.000000 @HubbardFacilityMX/billboard/8.png
[2329.584717 0.000000 2453.186279] 80.000000 1.000000 @HubbardFacilityMX/billboard/8.png
[2397.506592 0.000000 2394.662354] 80.000000 1.000000 @HubbardFacilityMX/billboard/8.png
[2180.924805 0.000000 2090.507324] 80.000000 1.000000 @HubbardFacilityMX/billboard/8.png
[1617.896729 0.000000 1876.915405] 40.000000 1.000000 @HubbardFacilityMX/billboard/8.png
[1605.081177 0.000000 1905.536743] 40.000000 1.000000 @HubbardFacilityMX/billboard/8.png
[1743.488525 0.000000 1870.080322] 40.000000 1.000000 @HubbardFacilityMX/billboard/8.png
[1599.527588 0.000000 1974.313232] 40.000000 1.000000 @HubbardFacilityMX/billboard/8.png
[1642.673218 0.000000 2294.701416] 40.000000 1.000000 @HubbardFacilityMX/billboard/8.png
[1819.527344 0.000000 2267.361328] 40.000000 1.000000 @HubbardFacilityMX/billboard/8.png
[1596.537354 0.000000 2254.545898] 40.000000 1.000000 @HubbardFacilityMX/billboard/8.png
[2006.633911 0.000000 2353.225342] 40.000000 1.000000 @HubbardFacilityMX/billboard/8.png
[2170.672607 0.000000 2413.031250] 40.000000 1.000000 @HubbardFacilityMX/billboard/8.png
[2206.983398 0.000000 2381.846924] 40.000000 1.000000 @HubbardFacilityMX/billboard/8.png
[2183.915771 0.000000 2277.187744] 40.000000 1.000000 @HubbardFacilityMX/billboard/8.png
[2129.663330 0.000000 2308.372070] 40.000000 1.000000 @HubbardFacilityMX/billboard/8.png
[2189.041992 0.000000 2253.265625] 40.000000 1.000000 @HubbardFacilityMX/billboard/8.png
[2248.847412 0.000000 2267.789795] 40.000000 1.000000 @HubbardFacilityMX/billboard/8.png
[1714.440186 0.000000 1755.168091] 40.000000 1.000000 @HubbardFacilityMX/billboard/3.png
[1596.110107 0.000000 1780.799072] 40.000000 1.000000 @HubbardFacilityMX/billboard/2.png
[1621.313965 0.000000 1829.070801] 40.000000 1.000000 @HubbardFacilityMX/billboard/2.png
[1730.673096 0.000000 1806.002930] 100.000000 0.500000 @HubbardFacilityMX/billboard/10.png
[1669.585815 0.000000 1762.002930] 100.000000 0.500000 @HubbardFacilityMX/billboard/10.png
[1632.847656 0.000000 1769.691772] 80.000000 1.000000 @HubbardFacilityMX/billboard/4.png
[1549.546753 0.000000 1940.565552] 100.000000 0.500000 @HubbardFacilityMX/billboard/11.png
[1541.857422 0.000000 1976.449097] 40.000000 1.000000 @HubbardFacilityMX/billboard/2.png
[1684.109375 0.000000 1844.022827] 40.000000 1.000000 @HubbardFacilityMX/billboard/2.png
[1585.002686 0.000000 1878.624512] 40.000000 1.000000 @HubbardFacilityMX/billboard/3.png
[1524.036377 0.000000 2034.736694] 40.000000 1.000000 @HubbardFacilityMX/billboard/3.png
[1563.204956 0.000000 2039.113770] 40.000000 1.000000 @HubbardFacilityMX/billboard/3.png
[2085.001221 0.000000 2294.279053] 40.000000 1.000000 @HubbardFacilityMX/billboard/3.png
[2023.059570 0.000000 2280.609131] 40.000000 1.000000 @HubbardFacilityMX/billboard/3.png
[1911.778076 0.000000 1800.668091] 40.000000 1.000000 @HubbardFacilityMX/billboard/3.png
[1781.787720 0.000000 2225.609131] 40.000000 1.000000 @HubbardFacilityMX/billboard/8.png
[1737.787109 0.000000 2222.619385] 40.000000 1.000000 @HubbardFacilityMX/billboard/2.png
[1710.661133 0.000000 2245.260498] 100.000000 0.500000 @HubbardFacilityMX/billboard/11.png
[1954.583374 0.000000 2379.609375] 80.000000 1.000000 @HubbardFacilityMX/billboard/8.png
[1529.108398 0.000000 2356.754395] 40.000000 1.000000 @HubbardFacilityMX/billboard/2.png
[1627.360718 0.000000 2384.734619] 40.000000 1.000000 @HubbardFacilityMX/billboard/2.png
[1690.797607 0.000000 2419.336426] 40.000000 1.000000 @HubbardFacilityMX/billboard/2.png
[1632.700562 0.000000 2413.996582] 40.000000 1.000000 @HubbardFacilityMX/billboard/2.png
[1774.312012 0.000000 2378.753662] 40.000000 1.000000 @HubbardFacilityMX/billboard/2.png
[1801.651733 0.000000 2413.355957] 40.000000 1.000000 @HubbardFacilityMX/billboard/2.png
[1846.933350 0.000000 2361.025146] 40.000000 1.000000 @HubbardFacilityMX/billboard/3.png
[1745.049927 0.000000 2371.277588] 40.000000 1.000000 @HubbardFacilityMX/billboard/3.png
[1489.199219 0.000000 1731.222778] 100.000000 0.500000 @HubbardFacilityMX/billboard/11.png
[1622.106812 0.000000 1689.838867] 80.000000 0.500000 @HubbardFacilityMX/billboard/11.png
[1526.654907 0.000000 1716.421265] 40.000000 1.000000 @HubbardFacilityMX/billboard/3.png
[1580.120361 0.000000 1674.736328] 40.000000 1.000000 @HubbardFacilityMX/billboard/3.png
[1737.194214 0.000000 1682.589844] 40.000000 1.000000 @HubbardFacilityMX/billboard/3.png
[1788.545288 0.000000 1591.970337] 40.000000 1.000000 @HubbardFacilityMX/billboard/3.png
[1302.522949 0.000000 1713.098389] 40.000000 1.000000 @HubbardFacilityMX/billboard/3.png
[1609.120117 0.000000 1724.576416] 40.000000 1.000000 @HubbardFacilityMX/billboard/8.png
[1649.898804 0.000000 1647.851929] 40.000000 1.000000 @HubbardFacilityMX/billboard/8.png
[1471.680298 0.000000 1678.662476] 40.000000 1.000000 @HubbardFacilityMX/billboard/8.png
[1198.613525 0.000000 1778.344238] 40.000000 1.000000 @HubbardFacilityMX/billboard/8.png
[1677.903809 0.000000 1701.677246] 40.000000 1.000000 @HubbardFacilityMX/billboard/3.png
[1803.562744 0.000000 1657.877808] 40.000000 1.000000 @HubbardFacilityMX/billboard/3.png
[1393.358643 0.000000 1703.187500] 40.000000 1.000000 @HubbardFacilityMX/billboard/3.png
[1206.380371 0.000000 1728.863037] 40.000000 1.000000 @HubbardFacilityMX/billboard/3.png
[1147.918335 0.000000 1803.677734] 80.000000 1.000000 @HubbardFacilityMX/billboard/4.png
[1827.564331 0.000000 1622.740479] 80.000000 1.000000 @HubbardFacilityMX/billboard/4.png
[1426.723389 0.000000 1739.337524] 40.000000 1.000000 @HubbardFacilityMX/billboard/3.png
[1705.831177 0.000000 1633.614380] 80.000000 0.500000 @HubbardFacilityMX/billboard/11.png
[1642.151489 0.000000 2135.466064] 40.000000 1.000000 @HubbardFacilityMX/billboard/3.png
[1862.455078 0.000000 2201.460449] 40.000000 1.000000 @HubbardFacilityMX/billboard/3.png
[2012.581421 0.000000 2253.265137] 40.000000 1.000000 @HubbardFacilityMX/billboard/3.png
[543.543579 0.000000 1340.598999] 2.500000 0.500000 @HubbardFacilityMX/billboard/stake.png
[528.431946 0.000000 1378.351196] 2.500000 0.500000 @HubbardFacilityMX/billboard/stake.png
[1139.067871 0.000000 1177.372681] 2.500000 0.500000 @HubbardFacilityMX/billboard/stake.png
[1186.805786 0.000000 1177.746582] 2.500000 0.500000 @HubbardFacilityMX/billboard/stake.png
[1366.332031 0.000000 1101.896973] 2.500000 0.500000 @HubbardFacilityMX/billboard/stake.png
[1327.122681 0.000000 1113.791504] 2.500000 0.500000 @HubbardFacilityMX/billboard/stake.png
[1230.971069 0.000000 1079.478638] 2.500000 0.500000 @HubbardFacilityMX/billboard/stake.png
[1273.864258 0.000000 1068.981812] 2.500000 0.500000 @HubbardFacilityMX/billboard/stake.png
[1344.380005 0.000000 1397.932373] 2.500000 0.500000 @HubbardFacilityMX/billboard/stake.png
[1360.162842 0.000000 1429.422729] 2.500000 0.500000 @HubbardFacilityMX/billboard/stake.png
[1671.778076 0.000000 859.348267] 2.500000 0.500000 @HubbardFacilityMX/billboard/stake.png
[1717.692017 0.000000 858.366516] 2.500000 0.500000 @HubbardFacilityMX/billboard/stake.png
[1454.030151 0.000000 856.555664] 2.500000 0.500000 @HubbardFacilityMX/billboard/stake.png
[1500.166016 0.000000 845.876038] 2.500000 0.500000 @HubbardFacilityMX/billboard/stake.png
[1413.362061 0.000000 665.966980] 2.500000 0.500000 @HubbardFacilityMX/billboard/stake.png
[1459.653564 0.000000 655.394714] 2.500000 0.500000 @HubbardFacilityMX/billboard/stake.png
[1585.098267 0.000000 716.289490] 2.500000 0.500000 @HubbardFacilityMX/billboard/stake.png
[1627.915894 0.000000 716.062927] 2.500000 0.500000 @HubbardFacilityMX/billboard/stake.png
[1360.188477 0.000000 506.585297] 2.500000 0.500000 @HubbardFacilityMX/billboard/stake.png
[1319.712769 0.000000 499.002777] 2.500000 0.500000 @HubbardFacilityMX/billboard/stake.png
[2312.111328 0.000000 833.874268] 2.500000 0.500000 @HubbardFacilityMX/billboard/stake.png
[2348.208252 0.000000 831.845154] 2.500000 0.500000 @HubbardFacilityMX/billboard/stake.png
[2247.608154 0.000000 645.470703] 2.500000 0.500000 @HubbardFacilityMX/billboard/stake.png
[2281.782959 0.000000 632.441589] 2.500000 0.500000 @HubbardFacilityMX/billboard/stake.png
[2024.752930 0.000000 813.903442] 2.500000 0.500000 @HubbardFacilityMX/billboard/stake.png
[1993.866943 0.000000 802.349487] 2.500000 0.500000 @HubbardFacilityMX/billboard/stake.png
[2131.333496 0.000000 230.363541] 2.500000 0.500000 @HubbardFacilityMX/billboard/stake.png
[2141.265625 0.000000 266.033417] 2.500000 0.500000 @HubbardFacilityMX/billboard/stake.png
[2324.498291 0.000000 279.354797] 2.500000 0.500000 @HubbardFacilityMX/billboard/stake.png
[2359.009277 0.000000 271.274567] 2.500000 0.500000 @HubbardFacilityMX/billboard/stake.png
[961.270264 0.000000 727.191284] 2.500000 0.500000 @HubbardFacilityMX/billboard/stake.png
[919.509827 0.000000 745.239685] 2.500000 0.500000 @HubbardFacilityMX/billboard/stake.png
[739.335266 0.000000 365.262634] 2.500000 0.500000 @HubbardFacilityMX/billboard/stake.png
[777.835266 0.000000 345.932526] 2.500000 0.500000 @HubbardFacilityMX/billboard/stake.png
[113.712791 0.000000 1873.500977] 2.500000 0.500000 @HubbardFacilityMX/billboard/stake.png
[89.149696 0.000000 1877.452393] 2.500000 0.500000 @HubbardFacilityMX/billboard/stake.png
[248.136414 0.000000 1384.944946] 2.500000 0.500000 @HubbardFacilityMX/billboard/stake.png
[276.223816 0.000000 1385.479126] 2.500000 0.500000 @HubbardFacilityMX/billboard/stake.png
[50.258781 0.000000 1060.474365] 2.500000 0.500000 @HubbardFacilityMX/billboard/stake.png
[82.831581 0.000000 1060.420898] 2.500000 0.500000 @HubbardFacilityMX/billboard/stake.png
[1646.603760 0.000000 2206.556641] 80.000000 0.500000 @HubbardFacilityMX/billboard/10.png
[1752.025024 0.000000 2311.372803] 40.000000 1.000000 @HubbardFacilityMX/billboard/2.png
[1959.863403 0.000000 2010.205200] 2.500000 0.500000 @HubbardFacilityMX/billboard/stake.png
[1998.195801 0.000000 2311.468262] 2.500000 0.500000 @HubbardFacilityMX/billboard/stakeshaded.png
[2015.866577 0.000000 2305.955566] 2.500000 0.500000 @HubbardFacilityMX/billboard/stakeshaded.png
[1746.917480 0.000000 2143.741699] 2.500000 0.500000 @HubbardFacilityMX/billboard/stakeshaded.png
[1749.485107 0.000000 2163.451416] 2.500000 0.500000 @HubbardFacilityMX/billboard/stakeshaded.png
[1663.053589 0.000000 2026.360596] 2.500000 0.500000 @HubbardFacilityMX/billboard/stakeshaded.png
[1681.328491 0.000000 2040.482056] 2.500000 0.500000 @HubbardFacilityMX/billboard/stakeshaded.png
[1990.928467 0.000000 1988.968018] 2.500000 0.500000 @HubbardFacilityMX/billboard/stake.png
[2394.968994 0.000000 639.715454] 2.500000 0.500000 @HubbardFacilityMX/billboard/stake.png
[2366.272949 0.000000 657.084229] 2.500000 0.500000 @HubbardFacilityMX/billboard/stake.png
[2181.369385 0.000000 318.516449] 2.500000 0.500000 @HubbardFacilityMX/billboard/stake.png
[2170.178223 0.000000 348.756561] 2.500000 0.500000 @HubbardFacilityMX/billboard/stake.png
[2084.060547 0.000000 988.138794] 2.500000 0.500000 @HubbardFacilityMX/billboard/stake.png
[2091.002441 0.000000 1019.643677] 2.500000 0.500000 @HubbardFacilityMX/billboard/stake.png
[2453.986816 0.000000 2286.403564] 100.000000 0.500000 @HubbardFacilityMX/billboard/11.png
[2378.161621 0.000000 2239.413330] 100.000000 0.500000 @HubbardFacilityMX/billboard/11.png
[2452.064453 0.000000 2195.413330] 100.000000 0.500000 @HubbardFacilityMX/billboard/11.png
[2458.898926 0.000000 2247.957520] 100.000000 0.500000 @HubbardFacilityMX/billboard/10.png
[2464.879639 0.000000 2222.753418] 100.000000 0.500000 @HubbardFacilityMX/billboard/10.png
[2419.812012 0.000000 2288.752930] 40.000000 1.000000 @HubbardFacilityMX/billboard/3.png
[2477.695557 0.000000 2271.878906] 40.000000 1.000000 @HubbardFacilityMX/billboard/3.png
[2464.879883 0.000000 2169.781738] 40.000000 1.000000 @HubbardFacilityMX/billboard/3.png
[2425.365479 0.000000 2224.248535] 40.000000 1.000000 @HubbardFacilityMX/billboard/3.png
[2419.812256 0.000000 2315.452393] 40.000000 1.000000 @HubbardFacilityMX/billboard/3.png
[2437.112305 0.000000 2164.655762] 40.000000 1.000000 @HubbardFacilityMX/billboard/2.png
[2408.063477 0.000000 2203.956299] 40.000000 1.000000 @HubbardFacilityMX/billboard/2.png
[2428.949463 0.000000 2067.864746] 40.000000 1.000000 @HubbardFacilityMX/billboard/3.png
[2447.979492 0.000000 2027.992188] 40.000000 1.000000 @HubbardFacilityMX/billboard/3.png
[2434.688965 0.000000 2246.083252] 40.000000 1.000000 @HubbardFacilityMX/billboard/3.png
[2453.115234 0.000000 2269.945801] 40.000000 1.000000 @HubbardFacilityMX/billboard/8.png
[2448.583984 0.000000 2124.350586] 40.000000 1.000000 @HubbardFacilityMX/billboard/8.png
[214.743011 0.000000 2322.786133] 2.500000 0.500000 @HubbardFacilityMX/billboard/stake.png
[190.767288 0.000000 2333.038574] 2.500000 0.500000 @HubbardFacilityMX/billboard/stake.png
[123.393547 0.000000 2286.256348] 2.500000 0.500000 @HubbardFacilityMX/billboard/stake.png
[144.378983 0.000000 2288.071777] 2.500000 0.500000 @HubbardFacilityMX/billboard/stake.png
[61.646099 0.000000 2274.473877] 2.500000 0.500000 @HubbardFacilityMX/billboard/stake.png
[40.714069 0.000000 2274.313721] 2.500000 0.500000 @HubbardFacilityMX/billboard/stake.png
[244.452621 0.000000 2188.164795] 2.500000 0.500000 @HubbardFacilityMX/billboard/stake.png
[220.740524 0.000000 2196.773438] 2.500000 0.500000 @HubbardFacilityMX/billboard/stake.png
[202.692139 0.000000 2204.400635] 2.500000 0.500000 @HubbardFacilityMX/billboard/stake.png
[184.492737 0.000000 2215.954590] 2.500000 0.500000 @HubbardFacilityMX/billboard/stake.png
[342.632629 0.000000 2318.821777] 2.500000 0.500000 @HubbardFacilityMX/billboard/stake.png
[365.273376 0.000000 2320.904297] 2.500000 0.500000 @HubbardFacilityMX/billboard/stake.png
[1749.047974 0.000000 218.079453] 40.000000 1.000000 @HubbardFacilityMX/billboard/3.png
[1640.543213 0.000000 252.254196] 40.000000 1.000000 @HubbardFacilityMX/billboard/3.png
[1603.378174 0.000000 298.390106] 40.000000 1.000000 @HubbardFacilityMX/billboard/3.png
[1682.407227 0.000000 329.147369] 40.000000 1.000000 @HubbardFacilityMX/billboard/3.png
[1734.096558 0.000000 320.176483] 40.000000 1.000000 @HubbardFacilityMX/billboard/3.png
[1706.756714 0.000000 292.409515] 40.000000 1.000000 @HubbardFacilityMX/billboard/3.png
[1506.407349 0.000000 289.419250] 40.000000 1.000000 @HubbardFacilityMX/billboard/3.png
[1459.844238 0.000000 239.865875] 40.000000 1.000000 @HubbardFacilityMX/billboard/3.png
[1474.795776 0.000000 175.361038] 40.000000 1.000000 @HubbardFacilityMX/billboard/3.png
[1441.048218 0.000000 98.040680] 40.000000 1.000000 @HubbardFacilityMX/billboard/3.png
[1476.931641 0.000000 24.992168] 40.000000 1.000000 @HubbardFacilityMX/billboard/3.png
[1519.650024 0.000000 13.031010] 40.000000 1.000000 @HubbardFacilityMX/billboard/3.png
[1791.766479 0.000000 110.001846] 40.000000 1.000000 @HubbardFacilityMX/billboard/3.png
[1694.584839 0.000000 238.076431] 80.000000 1.000000 @HubbardFacilityMX/billboard/2.png
[1544.643188 0.000000 241.493912] 80.000000 1.000000 @HubbardFacilityMX/billboard/2.png
[1476.720947 0.000000 115.901718] 80.000000 1.000000 @HubbardFacilityMX/billboard/2.png
[1750.118896 0.000000 91.979393] 80.000000 1.000000 @HubbardFacilityMX/billboard/2.png
[1727.478027 0.000000 369.222015] 80.000000 1.000000 @HubbardFacilityMX/billboard/2.png
[1723.634033 0.000000 181.688019] 80.000000 1.000000 @HubbardFacilityMX/billboard/2.png
[1632.886475 0.000000 137.783432] 80.000000 1.000000 @HubbardFacilityMX/billboard/2.png
[1644.148804 0.000000 305.284241] 100.000000 0.500000 @HubbardFacilityMX/billboard/10.png
[1771.318237 0.000000 183.552048] 100.000000 0.500000 @HubbardFacilityMX/billboard/10.png
[1778.568237 0.000000 49.737293] 100.000000 0.500000 @HubbardFacilityMX/billboard/10.png
[1814.816040 0.000000 13.489508] 100.000000 0.500000 @HubbardFacilityMX/billboard/10.png
[1474.231323 0.000000 210.336472] 100.000000 0.500000 @HubbardFacilityMX/billboard/10.png
[1432.244385 0.000000 180.734116] 100.000000 0.500000 @HubbardFacilityMX/billboard/10.png
[1481.178589 0.000000 66.553581] 100.000000 0.500000 @HubbardFacilityMX/billboard/10.png
[1439.493652 0.000000 9.765379] 100.000000 0.500000 @HubbardFacilityMX/billboard/10.png
[1664.087036 0.000000 358.370544] 100.000000 0.500000 @HubbardFacilityMX/billboard/10.png
[1594.282593 0.000000 334.729980] 100.000000 0.500000 @HubbardFacilityMX/billboard/11.png
[1720.928589 0.000000 132.729218] 100.000000 0.500000 @HubbardFacilityMX/billboard/11.png
[1749.977051 0.000000 25.933149] 100.000000 0.500000 @HubbardFacilityMX/billboard/11.png
[1489.822021 0.000000 157.933090] 100.000000 0.500000 @HubbardFacilityMX/billboard/11.png
[1504.773438 0.000000 80.185539] 100.000000 0.500000 @HubbardFacilityMX/billboard/11.png
[1510.326782 0.000000 38.748665] 100.000000 0.500000 @HubbardFacilityMX/billboard/11.png
[1595.932983 0.000000 268.797668] 100.000000 0.500000 @HubbardFacilityMX/billboard/11.png
[1718.553955 0.000000 48.981030] 100.000000 0.500000 @HubbardFacilityMX/billboard/11.png
[1604.068604 0.000000 25.485891] 100.000000 0.500000 @HubbardFacilityMX/billboard/11.png
[1681.816040 0.000000 75.039268] 100.000000 0.500000 @HubbardFacilityMX/billboard/11.png
[1602.359863 0.000000 78.456749] 100.000000 0.500000 @HubbardFacilityMX/billboard/11.png
[1685.660767 0.000000 13.524733] 100.000000 0.500000 @HubbardFacilityMX/billboard/11.png
[1548.107544 0.000000 177.990677] 100.000000 0.500000 @HubbardFacilityMX/billboard/11.png
[1640.040649 0.000000 220.668381] 80.000000 1.000000 @HubbardFacilityMX/billboard/4.png
[1688.370972 0.000000 120.986969] 80.000000 1.000000 @HubbardFacilityMX/billboard/4.png
[1646.686157 0.000000 37.012939] 80.000000 1.000000 @HubbardFacilityMX/billboard/4.png
[1559.087280 0.000000 25.836536] 80.000000 1.000000 @HubbardFacilityMX/billboard/4.png
[1516.703247 0.000000 198.342712] 60.000000 1.000000 @HubbardFacilityMX/billboard/4.png
[1572.283203 0.000000 138.533859] 60.000000 1.000000 @HubbardFacilityMX/billboard/4.png
[1520.932129 0.000000 142.158630] 60.000000 1.000000 @HubbardFacilityMX/billboard/4.png
[1555.971680 0.000000 75.704353] 60.000000 1.000000 @HubbardFacilityMX/billboard/4.png
[1642.664307 0.000000 86.276627] 60.000000 1.000000 @HubbardFacilityMX/billboard/4.png
[1668.944092 0.000000 172.365128] 60.000000 1.000000 @HubbardFacilityMX/billboard/4.png
[1592.521606 0.000000 228.549210] 60.000000 1.000000 @HubbardFacilityMX/billboard/4.png
[1786.447266 0.000000 144.575150] 60.000000 1.000000 @HubbardFacilityMX/billboard/4.png
[1721.805298 0.000000 8.948000] 60.000000 1.000000 @HubbardFacilityMX/billboard/4.png
[538.252747 0.000000 464.155029] 2.500000 0.500000 @HubbardFacilityMX/billboard/stake.png
[570.718689 0.000000 464.315216] 2.500000 0.500000 @HubbardFacilityMX/billboard/stake.png
[745.040771 0.000000 2139.640869] 2.500000 0.500000 @HubbardFacilityMX/billboard/stake.png
[711.346619 0.000000 2139.587646] 2.500000 0.500000 @HubbardFacilityMX/billboard/stake.png
[1277.894409 0.000000 2234.554443] 2.500000 0.500000 @HubbardFacilityMX/billboard/stake.png
[1244.554077 0.000000 2234.252197] 2.500000 0.500000 @HubbardFacilityMX/billboard/stake.png
[1589.664429 0.000000 584.808960] 2.500000 0.500000 @HubbardFacilityMX/billboard/stake.png
[1623.038086 0.000000 584.648804] 2.500000 0.500000 @HubbardFacilityMX/billboard/stake.png
